   1.00000000000000   0.87273401333873   0.13808175675187   0.19165192856458
   0.37761629725662   0.75269871826305   0.87273401333873   1.00000000000000
    4.2440997000682D-02    6.2469510863895D-02   0.14608528883438
   0.40620132302963   0.13808175675187    4.2440997000682D-02   1.00000000000000
   0.97784333638276   0.77819938333781   0.37111155050825   0.19165192856458
    6.2469510863895D-02   0.97784333638276   1.00000000000000   0.88240916479452
   0.47908702157286   0.37761629725662   0.14608528883438   0.77819938333781
   0.88240916479452   1.00000000000000   0.76373163209025   0.75269871826305
   0.40620132302963   0.37111155050825   0.47908702157286   0.76373163209025
   1.00000000000000  -7.85970895500000  -7.52924327399896  -0.93439066684910
  -1.30220269924230  -2.60011124756591  -5.36059747243708  -7.52924327399896
  -5.19605119500000  -0.62202776994333  -0.90783955688852  -2.06357749653169
  -5.30891641217095  -0.93439066684910  -0.62202776994333  -1.40904957333333
  -1.51395241235854  -1.58324849232732  -1.30035207683541  -1.30220269924230
  -0.90783955688852  -1.51395241235854  -1.67926824000000  -1.88710807434855
  -1.69505281490974  -2.60011124756591  -2.06357749653169  -1.58324849232732
  -1.88710807434855  -2.50942717333333  -2.80988428306294  -5.36059747243708
  -5.30891641217095  -1.30035207683541  -1.69505281490974  -2.80988428306294
  -4.25212757333333   2.16893750000000   2.20657588687334   0.17400265169661
   0.24864324587198   0.53412309622443   1.26715564834627   2.20657588687334
   2.75905886362551    7.7961562826245D-02   0.11632957246080   0.28362046144142
   0.86266779291364   0.17400265169661    7.7961562826245D-02   0.37480201130564
   0.40433288545406   0.41972364527706   0.31626852494676   0.24864324587198
   0.11632957246080   0.40433288545406   0.45202505015463   0.50930567583014
   0.42504103464214   0.53412309622443   0.28362046144142   0.41972364527706
   0.50930567583014   0.69947507286365   0.76312847025036   1.26715564834627
   0.86266779291364   0.31626852494676   0.42504103464214   0.76312847025036
   1.26825150224293   2.20657588687334   2.34173799113883   0.16018131708354
   0.22959332559911   0.49816111899389   1.21193511726885   2.34173799113883
   3.01767595953824    7.5737554184938D-02   0.11331140935950   0.27861881403705
   0.86495203072755   0.16018131708354    7.5737554184938D-02   0.32769665022991
   0.35374269975389   0.36828073262845   0.28109192079225   0.22959332559911
   0.11331140935950   0.35374269975389   0.39576664931431   0.44738951888808
   0.37848658561961   0.49816111899389   0.27861881403705   0.36828073262845
   0.44738951888808   0.61719048394401   0.68410034019553   1.21193511726885
   0.86495203072755   0.28109192079225   0.37848658561961   0.68410034019553
   1.15913675566490   0.17400265169661   0.16018131708354    1.8447265470598D-02
    2.6067707235858D-02    5.4060345504927D-02   0.11829593676671
   0.16018131708354   0.18794580485413    6.9524369093500D-03
    1.0296509919141D-02    2.4520887037045D-02    7.0691517403409D-02
    1.8447265470598D-02    6.9524369093500D-03    5.0712476890846D-02
    5.4387884120028D-02    5.5144089720133D-02    3.8402492390198D-02
    2.6067707235858D-02    1.0296509919141D-02    5.4387884120028D-02
    6.0407637036617D-02    6.6365751758219D-02    5.1099749836531D-02
    5.4060345504927D-02    2.4520887037045D-02    5.5144089720133D-02
    6.6365751758219D-02    8.8505603243498D-02    8.8791922597926D-02
   0.11829593676671    7.0691517403409D-02    3.8402492390198D-02
    5.1099749836531D-02    8.8791922597926D-02   0.13595234739866
   0.24864324587198   0.22959332559911    2.6067707235858D-02
    3.6857258337260D-02    7.6569656214151D-02   0.16816450330860
   0.22959332559911   0.26981556139203    9.9017429822992D-03
    1.4668693116897D-02    3.4964243597457D-02   0.10098987891478
    2.6067707235858D-02    9.9017429822992D-03    7.0538111846014D-02
    7.5692120052568D-02    7.6902556020719D-02    5.3867992852759D-02
    3.6857258337260D-02    1.4668693116897D-02    7.5692120052568D-02
    8.4119672739953D-02    9.2614309544540D-02    7.1725685799815D-02
    7.6569656214151D-02    3.4964243597457D-02    7.6902556020719D-02
    9.2614309544540D-02   0.12379086037276   0.12488927433366   0.16816450330860
   0.10098987891478    5.3867992852759D-02    7.1725685799815D-02
   0.12488927433366   0.19210925019815   0.53412309622443   0.49816111899389
    5.4060345504927D-02    7.6569656214151D-02   0.15992192084896
   0.35523513566008   0.49816111899389   0.58855158854281    2.1040370334367D-02
    3.1198711329323D-02    7.4576945972113D-02   0.21672696147389
    5.4060345504927D-02    2.1040370334367D-02   0.13974886789065
   0.15017992356008   0.15343551003641   0.10926361239447    7.6569656214151D-02
    3.1198711329323D-02   0.15017992356008   0.16716655961000   0.18512719625157
   0.14576277371600   0.15992192084896    7.4576945972113D-02   0.15343551003641
   0.18512719625157   0.24902255169301   0.25534414062097   0.35523513566008
   0.21672696147389   0.10926361239447   0.14576277371600   0.25534414062097
   0.39827030966648   1.26715564834627   1.21193511726885   0.11829593676671
   0.16816450330860   0.35523513566008   0.80912249709115   1.21193511726885
   1.45228063917969    4.8577930474418D-02    7.2188137315539D-02
   0.17372014852022   0.51236413677213   0.11829593676671    4.8577930474418D-02
   0.28072105546714   0.30234909303114   0.31166703695156   0.22847977443534
   0.16816450330860    7.2188137315539D-02   0.30234909303114   0.33738202360176
   0.37720315077864   0.30589232675482   0.35523513566008   0.17372014852022
   0.31166703695156   0.37720315077864   0.51296646849514   0.54211013709296
   0.80912249709115   0.51236413677213   0.22847977443534   0.30589232675482
   0.54211013709296   0.86960860615567   2.20657588687334   2.34173799113883
   0.16018131708354   0.22959332559911   0.49816111899389   1.21193511726885
   2.34173799113883   3.01767595953824    7.5737554184938D-02   0.11331140935950
   0.27861881403705   0.86495203072755   0.16018131708354    7.5737554184938D-02
   0.32769665022991   0.35374269975389   0.36828073262845   0.28109192079225
   0.22959332559911   0.11331140935950   0.35374269975389   0.39576664931431
   0.44738951888808   0.37848658561961   0.49816111899389   0.27861881403705
   0.36828073262845   0.44738951888808   0.61719048394401   0.68410034019553
   1.21193511726885   0.86495203072755   0.28109192079225   0.37848658561961
   0.68410034019553   1.15913675566490   2.75905886362551   3.01767595953824
   0.18794580485413   0.26981556139203   0.58855158854281   1.45228063917969
   3.01767595953824   3.98006250000000    9.1611222555937D-02   0.13728406720682
   0.33936004793129   1.06757037926828   0.18794580485413    9.1611222555937D-02
   0.37566983777412   0.40560631045163   0.42266585502825   0.32411860523374
   0.26981556139203   0.13728406720682   0.40560631045163   0.45389657689463
   0.51365051466558   0.43675279153132   0.58855158854281   0.33936004793129
   0.42266585502825   0.51365051466558   0.70971025492407   0.79160066559565
   1.45228063917969   1.06757037926828   0.32411860523374   0.43675279153132
   0.79160066559565   1.35311409671849    7.7961562826245D-02
    7.5737554184938D-02    6.9524369093500D-03    9.9017429822992D-03
    2.1040370334367D-02    4.8577930474418D-02    7.5737554184938D-02
    9.1611222555937D-02    2.9388965376340D-03    4.3727308686850D-03
    1.0563997885932D-02    3.1432242937875D-02    6.9524369093500D-03
    2.9388965376340D-03    1.5868692193085D-02    1.7104916863274D-02
    1.7691132635468D-02    1.3127876083532D-02    9.9017429822992D-03
    4.3727308686850D-03    1.7104916863274D-02    1.9104138091656D-02
    2.1437073857278D-02    1.7603938666263D-02    2.1040370334367D-02
    1.0563997885932D-02    1.7691132635468D-02    2.1437073857278D-02
    2.9282926770313D-02    3.1365049583599D-02    4.8577930474418D-02
    3.1432242937875D-02    1.3127876083532D-02    1.7603938666263D-02
    3.1365049583599D-02    5.1006366055432D-02   0.11632957246080
   0.11331140935950    1.0296509919141D-02    1.4668693116897D-02
    3.1198711329323D-02    7.2188137315539D-02   0.11331140935950
   0.13728406720682    4.3727308686850D-03    6.5074402970235D-03
    1.5731307014149D-02    4.6875797135684D-02    1.0296509919141D-02
    4.3727308686850D-03    2.3365095549963D-02    2.5188020423953D-02
    2.6063241449489D-02    1.9374328190631D-02    1.4668693116897D-02
    6.5074402970235D-03    2.5188020423953D-02    2.8135459158977D-02
    3.1587248019104D-02    2.5986312358135D-02    3.1198711329323D-02
    1.5731307014149D-02    2.6063241449489D-02    3.1587248019104D-02
    4.3175348894248D-02    4.6336886589557D-02    7.2188137315539D-02
    4.6875797135684D-02    1.9374328190631D-02    2.5986312358135D-02
    4.6336886589557D-02    7.5511839856190D-02   0.28362046144142
   0.27861881403705    2.4520887037045D-02    3.4964243597457D-02
    7.4576945972113D-02   0.17372014852022   0.27861881403705   0.33936004793129
    1.0563997885932D-02    1.5731307014149D-02    3.8106287317413D-02
   0.11407611584028    2.4520887037045D-02    1.0563997885932D-02
    5.4689386429466D-02    5.8973964353915D-02    6.1102756134789D-02
    4.5652468463264D-02    3.4964243597457D-02    1.5731307014149D-02
    5.8973964353915D-02    6.5897818009782D-02    7.4089113770608D-02
    6.1275207110969D-02    7.4576945972113D-02    3.8106287317413D-02
    6.1102756134789D-02    7.4089113770608D-02   0.10145471414733
   0.10951996520325   0.17372014852022   0.11407611584028    4.5652468463264D-02
    6.1275207110969D-02   0.10951996520325   0.17960490101534   0.86266779291364
   0.86495203072755    7.0691517403409D-02   0.10098987891478   0.21672696147389
   0.51236413677213   0.86495203072755   1.06757037926828    3.1432242937875D-02
    4.6875797135684D-02   0.11407611584028   0.34521576616834
    7.0691517403409D-02    3.1432242937875D-02   0.15230001990373
   0.16431737402881   0.17064298700279   0.12871843357138   0.10098987891478
    4.6875797135684D-02   0.16431737402881   0.18372067637762   0.20709198682190
   0.17300212558489   0.21672696147389   0.11407611584028   0.17064298700279
   0.20709198682190   0.28454511960764   0.31066488493099   0.51236413677213
   0.34521576616834   0.12871843357138   0.17300212558489   0.31066488493099
   0.51609638635260   0.17400265169661   0.16018131708354    1.8447265470598D-02
    2.6067707235858D-02    5.4060345504927D-02   0.11829593676671
   0.16018131708354   0.18794580485413    6.9524369093500D-03
    1.0296509919141D-02    2.4520887037045D-02    7.0691517403409D-02
    1.8447265470598D-02    6.9524369093500D-03    5.0712476890846D-02
    5.4387884120028D-02    5.5144089720133D-02    3.8402492390198D-02
    2.6067707235858D-02    1.0296509919141D-02    5.4387884120028D-02
    6.0407637036617D-02    6.6365751758219D-02    5.1099749836531D-02
    5.4060345504927D-02    2.4520887037045D-02    5.5144089720133D-02
    6.6365751758219D-02    8.8505603243498D-02    8.8791922597926D-02
   0.11829593676671    7.0691517403409D-02    3.8402492390198D-02
    5.1099749836531D-02    8.8791922597926D-02   0.13595234739866
    7.7961562826245D-02    7.5737554184938D-02    6.9524369093500D-03
    9.9017429822992D-03    2.1040370334367D-02    4.8577930474418D-02
    7.5737554184938D-02    9.1611222555937D-02    2.9388965376340D-03
    4.3727308686850D-03    1.0563997885932D-02    3.1432242937875D-02
    6.9524369093500D-03    2.9388965376340D-03    1.5868692193085D-02
    1.7104916863274D-02    1.7691132635468D-02    1.3127876083532D-02
    9.9017429822992D-03    4.3727308686850D-03    1.7104916863274D-02
    1.9104138091656D-02    2.1437073857278D-02    1.7603938666263D-02
    2.1040370334367D-02    1.0563997885932D-02    1.7691132635468D-02
    2.1437073857278D-02    2.9282926770313D-02    3.1365049583599D-02
    4.8577930474418D-02    3.1432242937875D-02    1.3127876083532D-02
    1.7603938666263D-02    3.1365049583599D-02    5.1006366055432D-02
   0.37480201130564   0.32769665022991    5.0712476890846D-02
    7.0538111846014D-02   0.13974886789065   0.28072105546714   0.32769665022991
   0.37566983777412    1.5868692193085D-02    2.3365095549963D-02
    5.4689386429466D-02   0.15230001990373    5.0712476890846D-02
    1.5868692193085D-02   0.27304218750000   0.27987974614514   0.24712915139289
   0.13128753248005    7.0538111846014D-02    2.3365095549963D-02
   0.27987974614514   0.29749156068817   0.28624297253849   0.17050449213222
   0.13974886789065    5.4689386429466D-02   0.24712915139289   0.28624297253849
   0.34094482669887   0.27594626685184   0.28072105546714   0.15230001990373
   0.13128753248005   0.17050449213222   0.27594626685184   0.36881253334218
   0.40433288545406   0.35374269975389    5.4387884120028D-02
    7.5692120052568D-02   0.15017992356008   0.30234909303114   0.35374269975389
   0.40560631045163    1.7104916863274D-02    2.5188020423953D-02
    5.8973964353915D-02   0.16431737402881    5.4387884120028D-02
    1.7104916863274D-02   0.27987974614514   0.28830995395049   0.25791623041957
   0.13956688678473    7.5692120052568D-02    2.5188020423953D-02
   0.28830995395049   0.30782335771381   0.29967522882384   0.18148645354898
   0.15017992356008    5.8973964353915D-02   0.25791623041957   0.29967522882384
   0.35988011584779   0.29471186746819   0.30234909303114   0.16431737402881
   0.13956688678473   0.18148645354898   0.29471186746819   0.39592585269051
   0.41972364527706   0.36828073262845    5.5144089720133D-02
    7.6902556020719D-02   0.15343551003641   0.31166703695156   0.36828073262845
   0.42266585502825    1.7691132635468D-02    2.6063241449489D-02
    6.1102756134789D-02   0.17064298700279    5.5144089720133D-02
    1.7691132635468D-02   0.24712915139289   0.25791623041957   0.23927313884102
   0.13710969560674    7.6902556020719D-02    2.6063241449489D-02
   0.25791623041957   0.27873013348870   0.28058162907933   0.17905475863895
   0.15343551003641    6.1102756134789D-02   0.23927313884102   0.28058162907933
   0.34548337651576   0.29418214976187   0.31166703695156   0.17064298700279
   0.13710969560674   0.17905475863895   0.29418214976187   0.40275981837311
   0.31626852494676   0.28109192079225    3.8402492390198D-02
    5.3867992852759D-02   0.10926361239447   0.22847977443534   0.28109192079225
   0.32411860523374    1.3127876083532D-02    1.9374328190631D-02
    4.5652468463264D-02   0.12871843357138    3.8402492390198D-02
    1.3127876083532D-02   0.13128753248005   0.13956688678473   0.13710969560674
    8.7887033313636D-02    5.3867992852759D-02    1.9374328190631D-02
   0.13956688678473   0.15358270370210   0.16337066625240   0.11590662784717
   0.10926361239447    4.5652468463264D-02   0.13710969560674   0.16337066625240
   0.21085488874906   0.19590137554967   0.22847977443534   0.12871843357138
    8.7887033313636D-02   0.11590662784717   0.19590137554967   0.28243271489301
   0.24864324587198   0.22959332559911    2.6067707235858D-02
    3.6857258337260D-02    7.6569656214151D-02   0.16816450330860
   0.22959332559911   0.26981556139203    9.9017429822992D-03
    1.4668693116897D-02    3.4964243597457D-02   0.10098987891478
    2.6067707235858D-02    9.9017429822992D-03    7.0538111846014D-02
    7.5692120052568D-02    7.6902556020719D-02    5.3867992852759D-02
    3.6857258337260D-02    1.4668693116897D-02    7.5692120052568D-02
    8.4119672739953D-02    9.2614309544540D-02    7.1725685799815D-02
    7.6569656214151D-02    3.4964243597457D-02    7.6902556020719D-02
    9.2614309544540D-02   0.12379086037276   0.12488927433366   0.16816450330860
   0.10098987891478    5.3867992852759D-02    7.1725685799815D-02
   0.12488927433366   0.19210925019815   0.11632957246080   0.11331140935950
    1.0296509919141D-02    1.4668693116897D-02    3.1198711329323D-02
    7.2188137315539D-02   0.11331140935950   0.13728406720682
    4.3727308686850D-03    6.5074402970235D-03    1.5731307014149D-02
    4.6875797135684D-02    1.0296509919141D-02    4.3727308686850D-03
    2.3365095549963D-02    2.5188020423953D-02    2.6063241449489D-02
    1.9374328190631D-02    1.4668693116897D-02    6.5074402970235D-03
    2.5188020423953D-02    2.8135459158977D-02    3.1587248019104D-02
    2.5986312358135D-02    3.1198711329323D-02    1.5731307014149D-02
    2.6063241449489D-02    3.1587248019104D-02    4.3175348894248D-02
    4.6336886589557D-02    7.2188137315539D-02    4.6875797135684D-02
    1.9374328190631D-02    2.5986312358135D-02    4.6336886589557D-02
    7.5511839856190D-02   0.40433288545406   0.35374269975389
    5.4387884120028D-02    7.5692120052568D-02   0.15017992356008
   0.30234909303114   0.35374269975389   0.40560631045163    1.7104916863274D-02
    2.5188020423953D-02    5.8973964353915D-02   0.16431737402881
    5.4387884120028D-02    1.7104916863274D-02   0.27987974614514
   0.28830995395049   0.25791623041957   0.13956688678473    7.5692120052568D-02
    2.5188020423953D-02   0.28830995395049   0.30782335771381   0.29967522882384
   0.18148645354898   0.15017992356008    5.8973964353915D-02   0.25791623041957
   0.29967522882384   0.35988011584779   0.29471186746819   0.30234909303114
   0.16431737402881   0.13956688678473   0.18148645354898   0.29471186746819
   0.39592585269051   0.45202505015463   0.39576664931431    6.0407637036617D-02
    8.4119672739953D-02   0.16716655961000   0.33738202360176   0.39576664931431
   0.45389657689463    1.9104138091656D-02    2.8135459158977D-02
    6.5897818009782D-02   0.18372067637762    6.0407637036617D-02
    1.9104138091656D-02   0.29749156068817   0.30782335771381   0.27873013348870
   0.15358270370210    8.4119672739953D-02    2.8135459158977D-02
   0.30782335771381   0.33000468750000   0.32482838255573   0.19997074097389
   0.16716655961000    6.5897818009782D-02   0.27873013348870   0.32482838255573
   0.39320778518880   0.32586527865127   0.33738202360176   0.18372067637762
   0.15358270370210   0.19997074097389   0.32586527865127   0.44018778643154
   0.50930567583014   0.44738951888808    6.6365751758219D-02
    9.2614309544540D-02   0.18512719625157   0.37720315077864   0.44738951888808
   0.51365051466558    2.1437073857278D-02    3.1587248019104D-02
    7.4089113770608D-02   0.20709198682190    6.6365751758219D-02
    2.1437073857278D-02   0.28624297253849   0.29967522882384   0.28058162907933
   0.16337066625240    9.2614309544540D-02    3.1587248019104D-02
   0.29967522882384   0.32482838255573   0.32982346798197   0.21362320447681
   0.18512719625157    7.4089113770608D-02   0.28058162907933   0.32982346798197
   0.40891223177150   0.35223823894045   0.37720315077864   0.20709198682190
   0.16337066625240   0.21362320447681   0.35223823894045   0.48519634426532
   0.42504103464214   0.37848658561961    5.1099749836531D-02
    7.1725685799815D-02   0.14576277371600   0.30589232675482   0.37848658561961
   0.43675279153132    1.7603938666263D-02    2.5986312358135D-02
    6.1275207110969D-02   0.17300212558489    5.1099749836531D-02
    1.7603938666263D-02   0.17050449213222   0.18148645354898   0.17905475863895
   0.11590662784717    7.1725685799815D-02    2.5986312358135D-02
   0.18148645354898   0.19997074097389   0.21362320447681   0.15300578939786
   0.14576277371600    6.1275207110969D-02   0.17905475863895   0.21362320447681
   0.27681859277980   0.25934628047266   0.30589232675482   0.17300212558489
   0.11590662784717   0.15300578939786   0.25934628047266   0.37602370050060
   0.53412309622443   0.49816111899389    5.4060345504927D-02
    7.6569656214151D-02   0.15992192084896   0.35523513566008   0.49816111899389
   0.58855158854281    2.1040370334367D-02    3.1198711329323D-02
    7.4576945972113D-02   0.21672696147389    5.4060345504927D-02
    2.1040370334367D-02   0.13974886789065   0.15017992356008   0.15343551003641
   0.10926361239447    7.6569656214151D-02    3.1198711329323D-02
   0.15017992356008   0.16716655961000   0.18512719625157   0.14576277371600
   0.15992192084896    7.4576945972113D-02   0.15343551003641   0.18512719625157
   0.24902255169301   0.25534414062097   0.35523513566008   0.21672696147389
   0.10926361239447   0.14576277371600   0.25534414062097   0.39827030966648
   0.28362046144142   0.27861881403705    2.4520887037045D-02
    3.4964243597457D-02    7.4576945972113D-02   0.17372014852022
   0.27861881403705   0.33936004793129    1.0563997885932D-02
    1.5731307014149D-02    3.8106287317413D-02   0.11407611584028
    2.4520887037045D-02    1.0563997885932D-02    5.4689386429466D-02
    5.8973964353915D-02    6.1102756134789D-02    4.5652468463264D-02
    3.4964243597457D-02    1.5731307014149D-02    5.8973964353915D-02
    6.5897818009782D-02    7.4089113770608D-02    6.1275207110969D-02
    7.4576945972113D-02    3.8106287317413D-02    6.1102756134789D-02
    7.4089113770608D-02   0.10145471414733   0.10951996520325   0.17372014852022
   0.11407611584028    4.5652468463264D-02    6.1275207110969D-02
   0.10951996520325   0.17960490101534   0.41972364527706   0.36828073262845
    5.5144089720133D-02    7.6902556020719D-02   0.15343551003641
   0.31166703695156   0.36828073262845   0.42266585502825    1.7691132635468D-02
    2.6063241449489D-02    6.1102756134789D-02   0.17064298700279
    5.5144089720133D-02    1.7691132635468D-02   0.24712915139289
   0.25791623041957   0.23927313884102   0.13710969560674    7.6902556020719D-02
    2.6063241449489D-02   0.25791623041957   0.27873013348870   0.28058162907933
   0.17905475863895   0.15343551003641    6.1102756134789D-02   0.23927313884102
   0.28058162907933   0.34548337651576   0.29418214976187   0.31166703695156
   0.17064298700279   0.13710969560674   0.17905475863895   0.29418214976187
   0.40275981837311   0.50930567583014   0.44738951888808    6.6365751758219D-02
    9.2614309544540D-02   0.18512719625157   0.37720315077864   0.44738951888808
   0.51365051466558    2.1437073857278D-02    3.1587248019104D-02
    7.4089113770608D-02   0.20709198682190    6.6365751758219D-02
    2.1437073857278D-02   0.28624297253849   0.29967522882384   0.28058162907933
   0.16337066625240    9.2614309544540D-02    3.1587248019104D-02
   0.29967522882384   0.32482838255573   0.32982346798197   0.21362320447681
   0.18512719625157    7.4089113770608D-02   0.28058162907933   0.32982346798197
   0.40891223177150   0.35223823894045   0.37720315077864   0.20709198682190
   0.16337066625240   0.21362320447681   0.35223823894045   0.48519634426532
   0.69947507286365   0.61719048394401    8.8505603243498D-02   0.12379086037276
   0.24902255169301   0.51296646849514   0.61719048394401   0.70971025492407
    2.9282926770313D-02    4.3175348894248D-02   0.10145471414733
   0.28454511960764    8.8505603243498D-02    2.9282926770313D-02
   0.34094482669887   0.35988011584779   0.34548337651576   0.21085488874906
   0.12379086037276    4.3175348894248D-02   0.35988011584779   0.39320778518880
   0.40891223177150   0.27681859277980   0.24902255169301   0.10145471414733
   0.34548337651576   0.40891223177150   0.51716718750000   0.46167657634975
   0.51296646849514   0.28454511960764   0.21085488874906   0.27681859277980
   0.46167657634975   0.64897521563329   0.76312847025036   0.68410034019553
    8.8791922597926D-02   0.12488927433366   0.25534414062097   0.54211013709296
   0.68410034019553   0.79160066559565    3.1365049583599D-02
    4.6336886589557D-02   0.10951996520325   0.31066488493099
    8.8791922597926D-02    3.1365049583599D-02   0.27594626685184
   0.29471186746819   0.29418214976187   0.19590137554967   0.12488927433366
    4.6336886589557D-02   0.29471186746819   0.32586527865127   0.35223823894045
   0.25934628047266   0.25534414062097   0.10951996520325   0.29418214976187
   0.35223823894045   0.46167657634975   0.44341538872772   0.54211013709296
   0.31066488493099   0.19590137554967   0.25934628047266   0.44341538872772
   0.65432431886606   1.26715564834627   1.21193511726885   0.11829593676671
   0.16816450330860   0.35523513566008   0.80912249709115   1.21193511726885
   1.45228063917969    4.8577930474418D-02    7.2188137315539D-02
   0.17372014852022   0.51236413677213   0.11829593676671    4.8577930474418D-02
   0.28072105546714   0.30234909303114   0.31166703695156   0.22847977443534
   0.16816450330860    7.2188137315539D-02   0.30234909303114   0.33738202360176
   0.37720315077864   0.30589232675482   0.35523513566008   0.17372014852022
   0.31166703695156   0.37720315077864   0.51296646849514   0.54211013709296
   0.80912249709115   0.51236413677213   0.22847977443534   0.30589232675482
   0.54211013709296   0.86960860615567   0.86266779291364   0.86495203072755
    7.0691517403409D-02   0.10098987891478   0.21672696147389   0.51236413677213
   0.86495203072755   1.06757037926828    3.1432242937875D-02
    4.6875797135684D-02   0.11407611584028   0.34521576616834
    7.0691517403409D-02    3.1432242937875D-02   0.15230001990373
   0.16431737402881   0.17064298700279   0.12871843357138   0.10098987891478
    4.6875797135684D-02   0.16431737402881   0.18372067637762   0.20709198682190
   0.17300212558489   0.21672696147389   0.11407611584028   0.17064298700279
   0.20709198682190   0.28454511960764   0.31066488493099   0.51236413677213
   0.34521576616834   0.12871843357138   0.17300212558489   0.31066488493099
   0.51609638635260   0.31626852494676   0.28109192079225    3.8402492390198D-02
    5.3867992852759D-02   0.10926361239447   0.22847977443534   0.28109192079225
   0.32411860523374    1.3127876083532D-02    1.9374328190631D-02
    4.5652468463264D-02   0.12871843357138    3.8402492390198D-02
    1.3127876083532D-02   0.13128753248005   0.13956688678473   0.13710969560674
    8.7887033313636D-02    5.3867992852759D-02    1.9374328190631D-02
   0.13956688678473   0.15358270370210   0.16337066625240   0.11590662784717
   0.10926361239447    4.5652468463264D-02   0.13710969560674   0.16337066625240
   0.21085488874906   0.19590137554967   0.22847977443534   0.12871843357138
    8.7887033313636D-02   0.11590662784717   0.19590137554967   0.28243271489301
   0.42504103464214   0.37848658561961    5.1099749836531D-02
    7.1725685799815D-02   0.14576277371600   0.30589232675482   0.37848658561961
   0.43675279153132    1.7603938666263D-02    2.5986312358135D-02
    6.1275207110969D-02   0.17300212558489    5.1099749836531D-02
    1.7603938666263D-02   0.17050449213222   0.18148645354898   0.17905475863895
   0.11590662784717    7.1725685799815D-02    2.5986312358135D-02
   0.18148645354898   0.19997074097389   0.21362320447681   0.15300578939786
   0.14576277371600    6.1275207110969D-02   0.17905475863895   0.21362320447681
   0.27681859277980   0.25934628047266   0.30589232675482   0.17300212558489
   0.11590662784717   0.15300578939786   0.25934628047266   0.37602370050060
   0.76312847025036   0.68410034019553    8.8791922597926D-02   0.12488927433366
   0.25534414062097   0.54211013709296   0.68410034019553   0.79160066559565
    3.1365049583599D-02    4.6336886589557D-02   0.10951996520325
   0.31066488493099    8.8791922597926D-02    3.1365049583599D-02
   0.27594626685184   0.29471186746819   0.29418214976187   0.19590137554967
   0.12488927433366    4.6336886589557D-02   0.29471186746819   0.32586527865127
   0.35223823894045   0.25934628047266   0.25534414062097   0.10951996520325
   0.29418214976187   0.35223823894045   0.46167657634975   0.44341538872772
   0.54211013709296   0.31066488493099   0.19590137554967   0.25934628047266
   0.44341538872772   0.65432431886606   1.26825150224293   1.15913675566490
   0.13595234739866   0.19210925019815   0.39827030966648   0.86960860615567
   1.15913675566490   1.35311409671849    5.1006366055432D-02
    7.5511839856190D-02   0.17960490101534   0.51609638635260   0.13595234739866
    5.1006366055432D-02   0.36881253334218   0.39592585269051   0.40275981837311
   0.28243271489301   0.19210925019815    7.5511839856190D-02   0.39592585269051
   0.44018778643154   0.48519634426532   0.37602370050060   0.39827030966648
   0.17960490101534   0.40275981837311   0.48519634426532   0.64897521563329
   0.65432431886606   0.86960860615567   0.51609638635260   0.28243271489301
   0.37602370050060   0.65432431886606   1.00323750000000
